50 31 14
3 4 1 3 7 7
0 4 5 6 4 1 1 1 1 1 7 1 8 4 8 1 1 8 1 1 7 1 8 1 7 4 1 1 1 1 1 9 1 1 1 1 5 9 6 1 1 4 5 8 5 5 1 1 1 7 
4 0 1 1 4 8 7 9 8 8 1 4 6 8 1 4 1 1 1 1 1 7 1 1 4 1 8 5 5 8 9 1 1 1 1 1 1 5 1 8 9 1 8 5 5 4 1 1 1 4 
5 1 0 1 9 1 1 1 8 4 6 1 1 1 5 4 1 1 6 9 9 1 1 6 5 1 1 1 1 8 1 1 1 1 1 4 1 1 1 6 6 6 4 9 1 1 9 5 1 4 
6 1 1 0 9 9 6 1 6 5 1 1 9 1 1 1 9 1 8 1 1 1 1 1 5 1 1 1 1 8 8 8 1 9 8 6 9 8 1 1 9 5 6 7 8 7 5 1 4 6 
4 4 9 9 0 1 9 1 1 1 9 1 1 9 1 5 1 8 1 6 1 1 1 9 1 1 1 1 4 7 5 8 1 7 1 1 5 1 4 1 1 1 9 7 6 1 1 9 1 8 
1 8 1 9 1 0 1 9 1 7 1 6 8 1 5 1 1 1 1 1 7 1 1 1 1 1 6 1 1 9 6 9 4 1 9 1 1 1 1 1 1 1 1 1 8 8 1 4 7 8 
1 7 1 6 9 1 0 1 8 9 8 4 1 1 1 1 9 8 8 6 4 1 1 8 1 9 9 1 9 4 6 1 1 6 1 4 1 1 1 1 6 1 4 1 1 6 1 1 9 1 
1 9 1 1 1 9 1 0 1 8 6 4 1 1 9 4 7 1 1 1 5 1 1 1 8 7 7 7 4 9 1 8 7 1 1 7 1 7 1 1 9 1 1 1 6 1 1 1 1 1 
1 8 8 6 1 1 8 1 0 1 9 7 1 9 1 1 1 8 1 1 8 1 1 1 8 1 1 1 4 1 1 1 5 9 6 7 1 1 1 1 6 1 1 1 1 8 8 1 1 9 
1 8 4 5 1 7 9 8 1 0 1 5 1 9 7 4 1 9 7 8 6 1 5 1 6 1 5 5 1 1 9 4 1 6 7 4 4 1 1 9 1 7 9 1 5 1 1 1 4 1 
7 1 6 1 9 1 8 6 9 1 0 7 4 1 5 1 1 8 1 1 5 7 7 1 1 6 5 6 1 1 9 6 7 1 1 1 1 1 1 1 1 1 1 1 6 9 8 6 1 1 
1 4 1 1 1 6 4 4 7 5 7 0 4 1 7 1 8 1 8 1 1 7 1 7 1 1 6 9 1 5 1 1 4 6 4 1 1 1 1 1 1 9 1 6 6 1 4 5 1 7 
8 6 1 9 1 8 1 1 1 1 4 4 0 1 1 7 8 4 4 1 1 7 1 1 9 4 1 1 1 1 8 5 4 6 1 1 1 1 6 9 7 1 1 1 7 7 1 1 9 1 
4 8 1 1 9 1 1 1 9 9 1 1 1 0 8 1 1 1 7 6 1 1 1 1 1 1 1 1 1 9 9 1 1 6 1 7 1 8 5 9 7 1 5 1 1 1 7 9 1 8 
8 1 5 1 1 5 1 9 1 7 5 7 1 8 0 1 9 1 6 1 9 1 4 1 7 1 1 9 7 1 5 9 1 1 1 1 8 9 4 1 1 1 1 1 4 5 6 1 1 1 
1 4 4 1 5 1 1 4 1 4 1 1 7 1 1 0 6 1 1 1 1 1 8 4 9 1 1 1 1 8 1 4 8 1 1 7 8 1 4 9 1 1 7 1 1 1 1 1 1 1 
1 1 1 9 1 1 9 7 1 1 1 8 8 1 9 6 0 1 9 1 1 9 5 8 1 4 1 6 1 1 5 1 9 4 1 8 6 1 5 8 1 1 6 9 1 5 1 6 9 1 
8 1 1 1 8 1 8 1 8 9 8 1 4 1 1 1 1 0 4 5 7 6 9 7 1 1 1 6 1 9 4 1 1 4 8 1 5 1 7 1 1 8 6 5 5 1 1 6 5 1 
1 1 6 8 1 1 8 1 1 7 1 8 4 7 6 1 9 4 0 1 6 5 8 9 1 8 1 9 1 6 1 1 8 8 9 7 1 4 9 1 9 7 7 8 1 1 1 1 1 1 
1 1 9 1 6 1 6 1 1 8 1 1 1 6 1 1 1 5 1 0 8 1 1 5 1 1 5 1 1 1 1 5 7 1 1 1 1 1 7 1 1 1 4 6 1 5 4 5 7 9 
7 1 9 1 1 7 4 5 8 6 5 1 1 1 9 1 1 7 6 8 0 1 8 7 8 9 4 1 4 9 1 9 8 1 1 9 4 1 1 5 1 1 9 8 1 9 5 9 1 6 
1 7 1 1 1 1 1 1 1 1 7 7 7 1 1 1 9 6 5 1 1 0 1 7 1 5 7 1 7 5 8 4 6 1 1 1 1 1 1 1 9 7 1 1 8 1 8 4 1 1 
8 1 1 1 1 1 1 1 1 5 7 1 1 1 4 8 5 9 8 1 8 1 0 7 7 8 5 1 1 4 1 8 6 6 6 1 1 1 1 8 6 1 7 7 9 1 1 1 4 5 
1 1 6 1 9 1 8 1 1 1 1 7 1 1 1 4 8 7 9 5 7 7 7 0 9 1 5 1 1 1 5 1 1 1 1 8 1 8 9 9 1 1 1 9 1 4 1 6 1 1 
7 4 5 5 1 1 1 8 8 6 1 1 9 1 7 9 1 1 1 1 8 1 7 9 0 8 1 7 8 1 7 4 5 8 5 6 1 1 4 1 9 7 1 1 5 1 1 1 8 1 
4 1 1 1 1 1 9 7 1 1 6 1 4 1 1 1 4 1 8 1 9 5 8 1 8 0 1 1 8 9 4 4 1 6 6 4 8 7 1 1 8 1 7 6 1 1 4 5 4 8 
1 8 1 1 1 6 9 7 1 5 5 6 1 1 1 1 1 1 1 5 4 7 5 5 1 1 0 7 8 4 1 4 6 7 9 9 1 7 1 9 1 1 1 9 1 1 1 8 7 9 
1 5 1 1 1 1 1 7 1 5 6 9 1 1 9 1 6 6 9 1 1 1 1 1 7 1 7 0 1 1 1 6 1 4 5 1 6 1 1 1 1 1 1 1 9 4 9 8 1 5 
1 5 1 1 4 1 9 4 4 1 1 1 1 1 7 1 1 1 1 1 4 7 1 1 8 8 8 1 0 8 1 5 6 1 7 1 8 1 8 1 7 1 6 9 5 1 1 5 1 1 
1 8 8 8 7 9 4 9 1 1 1 5 1 9 1 8 1 9 6 1 9 5 4 1 1 9 4 1 8 0 6 1 4 1 1 5 8 1 1 8 4 1 1 1 6 1 1 1 1 8 
1 9 1 8 5 6 6 1 1 9 9 1 8 9 5 1 5 4 1 1 1 8 1 5 7 4 1 1 1 6 0 4 7 5 1 5 1 1 9 1 1 1 1 1 1 7 1 1 1 8 
9 1 1 8 8 9 1 8 1 4 6 1 5 1 9 4 1 1 1 5 9 4 8 1 4 4 4 6 5 1 4 0 1 5 1 7 1 1 7 6 1 1 5 1 1 1 1 1 1 1 
1 1 1 1 1 4 1 7 5 1 7 4 4 1 1 8 9 1 8 7 8 6 6 1 5 1 6 1 6 4 7 1 0 1 1 7 9 1 9 9 8 1 6 1 9 1 1 1 1 1 
1 1 1 9 7 1 6 1 9 6 1 6 6 6 1 1 4 4 8 1 1 1 6 1 8 6 7 4 1 1 5 5 1 0 9 1 1 1 1 1 6 9 1 1 6 1 1 1 1 1 
1 1 1 8 1 9 1 1 6 7 1 4 1 1 1 1 1 8 9 1 1 1 6 1 5 6 9 5 7 1 1 1 1 9 0 7 1 1 1 7 9 5 7 1 1 1 6 1 8 5 
1 1 4 6 1 1 4 7 7 4 1 1 1 7 1 7 8 1 7 1 9 1 1 8 6 4 9 1 1 5 5 7 7 1 7 0 6 1 1 8 1 1 7 9 1 1 1 1 5 1 
5 1 1 9 5 1 1 1 1 4 1 1 1 1 8 8 6 5 1 1 4 1 1 1 1 8 1 6 8 8 1 1 9 1 1 6 0 5 9 1 5 8 1 8 1 1 1 1 4 1 
9 5 1 8 1 1 1 7 1 1 1 1 1 8 9 1 1 1 4 1 1 1 1 8 1 7 7 1 1 1 1 1 1 1 1 1 5 0 1 1 1 1 1 1 1 1 1 1 1 1 
6 1 1 1 4 1 1 1 1 1 1 1 6 5 4 4 5 7 9 7 1 1 1 9 4 1 1 1 8 1 9 7 9 1 1 1 9 1 0 1 9 1 7 8 1 1 1 1 6 1 
1 8 6 1 1 1 1 1 1 9 1 1 9 9 1 9 8 1 1 1 5 1 8 9 1 1 9 1 1 8 1 6 9 1 7 8 1 1 1 0 7 5 8 1 1 1 1 1 6 1 
1 9 6 9 1 1 6 9 6 1 1 1 7 7 1 1 1 1 9 1 1 9 6 1 9 8 1 1 7 4 1 1 8 6 9 1 5 1 9 7 0 4 6 1 8 1 1 1 1 1 
4 1 6 5 1 1 1 1 1 7 1 9 1 1 1 1 1 8 7 1 1 7 1 1 7 1 1 1 1 1 1 1 1 9 5 1 8 1 1 5 4 0 1 1 1 6 1 5 1 7 
5 8 4 6 9 1 4 1 1 9 1 1 1 5 1 7 6 6 7 4 9 1 7 1 1 7 1 1 6 1 1 5 6 1 7 7 1 1 7 8 6 1 0 4 1 1 1 9 1 1 
8 5 9 7 7 1 1 1 1 1 1 6 1 1 1 1 9 5 8 6 8 1 7 9 1 6 9 1 9 1 1 1 1 1 1 9 8 1 8 1 1 1 4 0 8 1 1 1 7 4 
5 5 1 8 6 8 1 6 1 5 6 6 7 1 4 1 1 5 1 1 1 8 9 1 5 1 1 9 5 6 1 1 9 6 1 1 1 1 1 1 8 1 1 8 0 1 8 9 1 6 
5 4 1 7 1 8 6 1 8 1 9 1 7 1 5 1 5 1 1 5 9 1 1 4 1 1 1 4 1 1 7 1 1 1 1 1 1 1 1 1 1 6 1 1 1 0 4 1 1 1 
1 1 9 5 1 1 1 1 8 1 8 4 1 7 6 1 1 1 1 4 5 8 1 1 1 4 1 9 1 1 1 1 1 1 6 1 1 1 1 1 1 1 1 1 8 4 0 7 7 9 
1 1 5 1 9 4 1 1 1 1 6 5 1 9 1 1 6 6 1 5 9 4 1 6 1 5 8 8 5 1 1 1 1 1 1 1 1 1 1 1 1 5 9 1 9 1 7 0 9 1 
1 1 1 4 1 7 9 1 1 4 1 1 9 1 1 1 9 5 1 7 1 1 4 1 8 4 7 1 1 1 1 1 1 1 8 5 4 1 6 6 1 1 1 7 1 1 7 9 0 9 
7 4 4 6 8 8 1 1 9 1 1 7 1 8 1 1 1 1 1 9 6 1 5 1 1 8 9 5 1 8 8 1 1 1 5 1 1 1 1 1 1 7 1 4 6 1 9 1 9 0 
1 1 8 1 1 1 1 1 6 1 1 7 1 1 1 8 1 1 1 1 1 1 1 1 1 1 7 9 1 1 1 9 1 1 8 7 1 1 1 1 8 1 4 7 1 5 5 1 1 1 
1 1 9 9 4 5 8 1 7 1 9 1 4 1 1 1 7 7 9 1 1 1 1 1 1 1 1 1 1 9 1 1 9 1 4 1 1 1 7 6 6 1 1 1 7 1 1 1 9 1 
1 6 1 1 1 1 1 9 9 1 1 1 1 1 6 7 5 5 1 1 5 1 9 1 7 9 1 1 1 1 1 1 1 1 1 1 1 7 1 7 1 1 1 1 1 1 9 9 1 1 
6 1 1 9 7 9 1 4 6 1 1 1 8 9 1 1 6 5 1 1 1 1 1 4 1 9 1 1 1 9 1 1 1 1 7 1 1 1 1 1 1 1 4 1 6 7 1 7 8 8 
1 5 1 1 1 1 7 1 1 6 1 1 1 1 1 1 1 1 1 1 8 4 7 9 7 7 9 1 6 1 1 1 1 1 9 9 1 1 1 5 1 7 1 7 7 7 1 1 1 1 
5 5 1 1 5 1 1 9 9 1 5 8 1 1 1 1 7 5 5 1 1 8 1 7 1 1 1 1 1 1 1 5 1 1 1 1 1 1 1 7 4 1 1 9 1 1 1 1 1 1 
1 7 1 9 1 7 1 1 1 1 1 1 9 1 1 1 1 1 1 5 1 1 1 1 1 1 1 4 1 1 1 1 6 1 8 1 1 1 1 1 1 9 1 9 1 7 7 6 1 1 
1 1 1 1 1 6 1 1 1 1 1 7 9 1 1 8 9 1 9 1 1 9 1 8 1 1 8 1 7 4 1 1 6 1 1 5 9 5 1 1 8 1 1 1 1 1 1 1 1 1 
9 4 1 9 1 1 1 1 6 1 1 5 5 1 1 8 1 1 1 1 1 1 8 1 1 5 1 1 1 1 1 1 1 1 1 1 1 1 1 9 1 1 9 1 1 1 1 1 4 1 
1 1 1 8 6 8 1 1 1 8 1 6 8 1 6 8 8 6 1 1 1 1 7 1 1 5 5 1 1 6 1 1 1 6 1 1 1 1 1 1 9 1 1 1 1 8 1 1 7 1 
1 1 1 1 1 1 1 7 1 7 1 7 7 1 4 1 1 1 4 7 1 6 1 1 1 1 1 1 1 1 1 6 1 1 9 1 5 1 5 1 1 8 1 1 1 1 1 1 7 7 
1 1 1 1 1 1 1 8 1 1 1 1 1 1 1 8 1 8 1 9 1 1 8 1 6 1 1 5 1 1 1 7 1 1 1 1 1 1 1 7 1 1 9 1 7 1 1 1 1 1 
1 1 7 1 9 4 9 1 8 1 8 1 7 1 1 1 1 8 1 8 1 5 9 1 1 1 9 1 1 1 7 1 8 1 1 4 1 1 1 1 6 1 1 1 1 1 4 1 1 1 
1 1 9 1 8 5 1 1 1 1 1 1 1 1 8 1 1 8 1 1 9 6 1 1 1 1 1 1 6 8 8 1 1 1 1 1 4 1 1 1 1 1 6 1 1 1 1 1 5 1 
9 1 1 1 1 8 1 5 8 1 1 1 1 6 7 9 1 1 1 1 8 1 1 5 1 1 9 1 1 1 1 7 1 6 8 8 1 9 1 1 1 1 1 1 1 7 4 1 4 8 
1 8 1 1 1 5 1 4 1 4 5 1 7 6 6 1 7 1 6 7 1 9 1 1 6 1 1 1 1 1 1 6 1 8 1 7 1 5 4 1 1 4 1 5 1 1 1 1 9 7 
1 1 5 1 1 5 1 4 4 1 4 1 8 1 1 1 1 1 7 1 9 9 1 1 1 1 1 1 1 1 1 6 9 6 1 1 1 1 8 1 7 1 5 1 1 8 7 6 8 1 
8 1 1 1 1 1 1 1 1 1 1 8 1 1 1 1 1 6 1 1 1 1 1 1 1 1 1 8 1 1 1 5 1 1 1 1 1 1 1 5 1 1 1 1 7 1 7 7 1 1 
8 1 1 1 1 1 1 1 6 8 9 7 1 1 4 1 1 1 1 1 1 6 9 4 8 1 1 9 7 1 7 1 1 8 6 1 5 1 1 1 1 8 1 1 1 1 1 1 4 5 
1 8 1 1 1 1 1 1 1 1 1 1 1 1 1 8 1 1 1 1 1 6 1 1 7 1 8 1 1 1 1 1 1 1 8 7 1 8 1 1 4 1 1 8 1 1 1 1 1 1 
1 1 8 1 7 6 6 1 1 1 7 1 1 1 6 1 1 1 6 9 1 1 1 1 1 1 1 4 1 7 1 1 6 1 1 1 1 1 8 8 4 1 1 1 1 5 1 4 1 1 
8 5 1 1 4 8 1 1 1 7 4 4 1 1 7 1 1 7 5 1 8 1 7 7 1 5 1 8 1 7 1 9 1 7 9 1 1 6 1 1 7 1 1 4 1 1 1 1 5 4 
1 8 1 1 1 7 1 1 9 8 1 1 4 7 1 1 1 1 4 1 1 1 1 1 1 1 1 5 1 1 7 8 1 1 1 1 1 1 1 1 5 1 1 1 5 1 4 1 1 1 
1 1 1 1 9 4 1 1 1 1 1 1 1 1 1 8 9 1 1 1 1 1 7 1 1 1 8 4 7 1 1 1 1 1 1 1 1 7 1 7 4 1 9 4 9 1 1 1 1 1 
1 6 1 1 1 1 1 7 8 1 1 1 1 1 1 1 1 1 1 1 1 8 1 1 6 1 1 1 7 1 1 1 9 1 1 7 7 1 1 1 1 1 1 8 1 1 1 1 1 1 
9 1 1 1 6 1 1 1 1 1 7 1 1 1 7 7 9 6 1 1 7 9 1 1 1 8 1 1 1 9 1 8 8 1 1 4 1 9 1 1 1 8 6 1 1 7 5 5 1 1 
5 7 1 1 1 1 6 1 1 1 1 6 1 1 1 1 8 4 7 1 1 8 1 1 1 1 1 1 1 1 9 1 8 1 1 1 4 1 7 1 9 1 1 1 1 1 1 1 1 8 
1 1 1 1 1 1 6 1 1 4 4 7 9 8 1 4 1 1 1 1 8 1 7 1 1 1 1 9 1 1 1 7 1 1 1 8 9 5 1 6 1 4 1 9 8 1 9 8 1 7 
5 1 1 1 1 1 1 4 1 5 1 1 1 1 1 1 1 1 1 7 7 5 1 1 1 1 7 1 7 5 1 8 1 7 1 1 9 1 1 1 9 1 8 9 1 1 5 4 6 4 
1 1 1 1 1 1 1 1 1 1 1 1 1 1 8 1 1 1 9 1 1 1 6 1 1 1 7 1 1 1 1 1 9 1 1 1 1 1 8 1 7 1 1 1 7 1 1 1 1 8 
6 1 5 1 4 1 1 1 1 1 1 1 1 1 1 1 4 1 1 1 1 8 1 1 7 8 1 1 1 7 1 1 7 7 4 1 1 1 1 1 5 8 1 1 1 1 1 1 1 6 
13 31 9 8 29 27 20 2 20 12 14 17 6 1 8 16 30 21 5 26 19 23 15 9 4 11 25 5 22 17 18 13 4 28 24 11 3 10 19 15 7 10 2 14 3 12 6 16 7 18 