100 59 29
2 4 1 3 7 7
0 5 1 5 7 1 1 1 4 1 1 4 1 5 4 1 5 1 6 1 5 1 1 1 9 1 1 8 1 7 1 1 4 7 1 1 1 1 1 1 1 1 1 1 1 1 4 1 8 4 1 7 1 9 7 1 7 8 1 1 9 1 5 1 1 1 4 1 8 1 1 7 1 1 7 1 5 6 1 1 1 8 1 4 1 4 7 1 8 7 1 1 5 5 1 1 1 1 1 1 
5 0 1 1 1 6 8 9 9 6 1 9 1 1 1 1 1 1 1 8 1 1 1 4 1 1 7 1 4 1 1 1 4 6 1 1 6 1 1 1 1 6 8 1 1 1 1 1 1 6 9 1 8 8 7 8 1 9 4 1 8 1 1 7 1 5 1 8 7 9 1 1 1 1 4 1 4 1 1 6 1 1 1 1 1 1 1 4 1 1 8 1 1 1 8 1 1 1 4 7 
1 1 0 1 1 1 9 1 1 7 1 1 1 1 1 6 1 1 1 7 1 1 1 9 1 1 1 6 8 1 1 1 7 5 1 1 1 1 6 1 1 1 9 8 9 1 1 6 7 8 5 1 1 1 1 7 7 8 8 5 1 1 7 1 1 5 1 1 5 7 4 6 5 1 4 7 1 1 4 5 1 1 9 1 1 1 1 7 1 1 8 1 1 1 1 4 6 1 6 1 
5 1 1 0 1 1 1 8 1 9 1 1 1 1 5 1 1 1 1 8 1 7 4 1 1 6 7 1 1 1 1 8 9 5 9 6 9 1 4 5 1 5 1 6 9 4 1 7 5 1 1 4 7 6 4 6 9 1 1 9 1 1 1 1 1 5 1 5 7 9 1 1 1 9 1 1 1 9 1 6 1 4 5 6 4 4 1 8 1 4 4 1 9 5 1 4 9 1 9 1 
7 1 1 1 0 1 1 1 1 5 1 1 7 9 1 1 9 1 1 1 1 1 7 1 1 1 1 1 4 5 5 1 1 9 4 1 6 1 1 9 1 1 9 1 8 1 1 1 8 5 5 1 1 8 4 6 4 4 1 5 5 1 8 1 1 6 1 8 6 7 1 1 1 1 1 1 1 1 4 7 5 1 1 1 1 8 8 8 9 1 6 1 4 7 9 6 1 6 1 5 
1 6 1 1 1 0 9 1 7 9 6 9 1 9 9 8 1 4 5 1 9 5 1 1 4 9 1 8 1 1 1 1 8 1 1 8 6 4 8 1 7 7 9 1 5 8 1 1 8 1 1 4 7 1 9 1 1 8 1 5 6 1 1 8 7 1 9 1 7 1 7 8 4 1 5 1 6 6 1 9 1 7 1 1 9 1 4 1 7 1 7 9 1 1 1 4 5 8 4 1 
1 8 9 1 1 9 0 1 1 1 1 1 1 1 1 1 1 1 6 8 1 1 1 4 7 1 1 1 8 1 4 9 1 7 5 6 9 1 1 6 7 1 7 1 8 1 1 1 8 4 1 7 1 7 7 1 1 6 1 5 9 1 1 1 5 1 7 9 1 1 1 1 1 1 5 1 1 1 6 1 1 1 5 5 4 8 1 1 5 1 5 1 1 8 9 1 4 8 1 1 
1 9 1 8 1 1 1 0 6 1 1 1 8 1 1 9 1 1 1 7 1 1 9 7 1 7 5 4 4 1 1 1 8 1 6 6 9 1 1 8 4 1 1 1 1 1 1 7 6 1 1 1 5 8 1 1 1 1 1 1 8 1 1 1 1 1 7 9 1 1 1 1 8 1 1 1 1 7 1 1 1 1 4 4 9 7 5 7 8 6 9 4 1 9 1 1 9 1 7 1 
4 9 1 1 1 7 1 6 0 1 9 1 1 8 7 1 6 1 7 1 6 1 1 7 8 4 1 9 1 1 1 7 7 1 1 9 1 1 1 1 1 8 4 5 1 1 1 1 4 1 1 1 1 1 1 1 1 6 8 8 5 1 1 8 5 9 9 7 1 1 1 1 9 1 1 6 1 8 1 1 9 1 6 1 1 1 5 1 5 5 6 1 9 5 1 1 1 4 1 8 
1 6 7 9 5 9 1 1 1 0 5 1 4 5 1 4 5 1 7 1 1 1 8 1 1 9 9 4 1 1 4 7 1 1 4 1 8 6 9 8 1 1 1 9 7 1 1 1 1 1 1 1 8 1 1 1 1 6 5 9 4 1 8 5 5 1 7 4 1 1 1 7 8 6 1 7 5 1 6 1 8 1 6 1 5 1 1 8 8 1 5 1 1 1 1 1 5 1 1 6 
1 1 1 1 1 6 1 1 9 5 0 1 1 6 8 7 7 1 4 5 1 6 9 4 1 7 1 1 6 1 1 8 8 1 8 8 9 1 1 6 4 7 1 1 8 1 7 1 1 1 1 1 1 1 8 1 1 9 1 8 1 1 1 9 5 7 1 1 1 1 1 1 1 1 1 1 1 6 1 1 1 8 1 5 6 1 1 1 1 1 7 1 8 1 1 4 5 1 1 9 
4 9 1 1 1 9 1 1 1 1 1 0 6 1 8 1 1 1 1 6 1 6 1 1 9 1 1 9 6 1 1 8 1 1 9 1 1 1 7 5 1 1 1 1 8 1 1 1 1 1 6 1 8 1 1 1 4 1 1 5 7 4 7 1 5 1 1 1 1 4 9 1 1 9 1 8 4 4 1 1 1 1 1 7 4 1 8 1 1 1 7 1 1 1 1 6 1 1 1 5 
1 1 1 1 7 1 1 8 1 4 1 6 0 6 1 1 1 8 5 4 1 1 4 4 1 1 6 7 1 8 7 5 4 7 7 1 8 1 1 1 1 1 7 1 5 7 1 6 9 1 1 1 1 9 1 8 1 1 9 4 1 6 4 1 9 1 7 1 1 1 1 1 9 1 5 1 8 7 1 9 1 8 5 1 1 8 1 1 8 1 1 1 9 6 4 8 8 1 1 1 
5 1 1 1 9 9 1 1 8 5 6 1 6 0 7 1 1 9 6 1 8 4 9 1 4 1 8 1 1 1 1 8 1 4 1 4 7 1 9 1 7 1 4 8 5 9 1 7 4 7 8 1 4 1 1 1 1 1 9 1 1 1 7 6 9 7 9 1 1 1 1 1 6 1 8 1 4 1 8 9 7 1 1 6 6 8 1 9 9 1 5 6 4 1 1 7 1 4 1 8 
4 1 1 5 1 9 1 1 7 1 8 8 1 7 0 1 5 5 1 1 1 1 1 9 1 7 7 5 6 7 1 4 1 1 5 1 1 5 9 4 8 9 1 1 7 1 1 1 1 1 1 1 5 8 1 1 4 1 1 1 1 6 1 1 7 1 9 6 1 1 1 9 4 1 1 6 5 1 8 1 8 4 9 9 9 7 5 1 5 1 1 1 1 4 8 1 5 1 4 1 
1 1 6 1 1 8 1 9 1 4 7 1 1 1 1 0 1 5 8 6 4 4 8 5 6 1 4 1 1 1 1 4 7 5 1 1 1 1 9 1 1 1 4 5 7 9 8 5 9 9 1 1 5 1 1 4 8 5 8 1 4 6 1 1 1 8 1 9 9 7 1 1 1 1 6 1 1 1 1 1 8 5 1 9 6 7 1 1 1 6 9 1 1 5 1 4 1 1 4 1 
5 1 1 1 9 1 1 1 6 5 7 1 1 1 5 1 0 1 4 1 1 1 1 1 1 7 1 7 6 7 1 5 7 1 8 7 6 1 4 5 1 8 1 1 1 1 7 4 1 5 5 7 1 1 1 8 7 6 1 1 1 1 9 1 5 7 1 7 6 9 1 1 1 1 1 7 1 9 1 1 1 1 1 5 1 9 1 6 1 4 1 8 1 1 4 1 6 7 1 1 
1 1 1 1 1 4 1 1 1 1 1 1 8 9 5 5 1 0 4 9 8 1 9 6 5 1 1 8 1 1 6 1 1 1 9 1 9 8 9 1 8 1 8 1 1 1 9 1 9 7 7 1 5 5 1 1 1 5 1 8 1 1 1 1 1 4 1 8 1 5 1 6 1 1 1 5 7 1 8 1 1 1 1 9 1 6 1 4 7 1 6 4 1 1 1 1 5 9 6 1 
6 1 1 1 1 5 6 1 7 7 4 1 5 6 1 8 4 4 0 9 8 1 5 8 1 9 1 7 6 5 1 6 1 6 1 6 4 1 8 1 1 1 1 9 7 8 5 1 1 7 4 8 1 1 6 1 1 6 1 9 1 9 8 8 7 9 5 1 1 1 8 1 1 1 1 1 8 8 1 1 1 1 1 1 6 8 7 1 9 8 4 5 1 9 1 6 4 1 7 1 
1 8 7 8 1 1 8 7 1 1 5 6 4 1 1 6 1 9 9 0 1 1 1 8 5 1 9 4 8 1 6 1 1 8 6 1 1 7 1 8 5 1 1 8 1 1 6 1 1 7 6 1 1 7 9 1 4 4 1 6 7 1 1 1 1 4 1 1 1 4 1 4 1 1 4 1 9 1 1 5 4 4 6 9 1 1 1 5 4 8 1 5 1 1 1 1 1 1 8 8 
5 1 1 1 1 9 1 1 6 1 1 1 1 8 1 4 1 8 8 1 0 4 1 7 4 6 5 1 1 1 4 4 1 1 1 6 5 1 5 1 9 1 9 1 1 8 1 4 1 1 4 4 9 1 1 1 4 8 5 1 1 1 1 1 9 1 1 1 1 1 8 4 9 1 5 5 1 6 6 7 1 1 1 4 1 1 1 1 5 4 9 1 9 1 1 1 1 4 1 1 
1 1 1 7 1 5 1 1 1 1 6 6 1 4 1 4 1 1 1 1 4 0 8 1 1 1 1 1 1 5 1 1 1 9 1 1 1 1 1 5 9 1 8 5 4 7 1 1 1 1 1 1 1 9 1 1 1 1 8 7 5 9 1 1 1 1 1 4 1 1 6 1 1 1 4 8 5 1 8 7 1 1 1 5 1 1 1 4 9 6 9 1 9 1 7 1 1 1 5 1 
1 1 1 4 7 1 1 9 1 8 9 1 4 9 1 8 1 9 5 1 1 8 0 1 1 1 1 1 7 1 1 1 1 1 1 1 5 1 7 1 6 1 1 1 7 1 7 6 1 6 7 9 5 4 1 9 8 1 8 1 5 9 1 6 4 1 8 4 6 5 1 7 8 1 4 5 1 8 1 8 9 1 6 8 1 4 1 1 1 1 1 1 1 1 1 1 5 1 1 4 
1 4 9 1 1 1 4 7 7 1 4 1 4 1 9 5 1 6 8 8 7 1 1 0 1 1 1 1 1 1 9 1 8 1 1 1 1 8 7 1 1 1 8 1 6 1 1 1 1 1 1 5 8 1 7 4 1 5 1 6 8 1 1 5 9 6 7 1 1 1 7 5 1 1 1 6 8 1 1 4 1 1 7 7 1 6 1 9 1 1 1 1 1 1 9 6 1 5 1 5 
9 1 1 1 1 4 7 1 8 1 1 9 1 4 1 6 1 5 1 5 4 1 1 1 0 1 5 7 8 1 5 1 1 1 1 9 9 1 6 5 1 4 1 1 7 1 4 1 1 1 8 4 4 7 8 4 1 8 4 1 8 1 1 5 9 9 1 4 1 7 5 1 5 8 6 1 8 5 5 1 1 4 7 1 9 1 5 1 1 7 6 1 1 1 5 1 1 6 6 8 
1 1 1 6 1 9 1 7 4 9 7 1 1 1 7 1 7 1 9 1 6 1 1 1 1 0 6 1 1 1 8 1 1 1 1 1 4 8 8 1 1 4 6 1 8 1 9 1 8 7 5 1 8 8 1 5 1 6 1 1 7 1 1 8 1 9 1 8 1 1 1 1 1 1 8 1 1 1 1 1 7 1 4 1 1 5 5 1 1 6 1 1 5 1 4 4 1 1 1 1 
1 7 1 7 1 1 1 5 1 9 1 1 6 8 7 4 1 1 1 9 5 1 1 1 5 6 0 7 9 7 7 4 1 1 6 6 8 1 1 1 7 1 8 1 4 4 9 1 1 7 1 7 7 1 4 1 5 1 4 9 1 5 1 9 6 9 1 1 1 4 1 8 5 4 1 1 1 1 7 1 1 1 7 1 4 8 7 1 9 1 4 1 1 1 1 1 1 7 1 1 
8 1 6 1 1 8 1 4 9 4 1 9 7 1 5 1 7 8 7 4 1 1 1 1 7 1 7 0 7 1 1 6 1 4 4 8 1 1 1 9 1 1 7 5 1 8 1 1 4 9 1 1 7 1 1 1 1 1 1 8 1 1 1 6 1 9 1 1 5 1 1 1 8 1 7 1 7 1 6 1 1 8 1 1 1 6 1 1 9 4 9 1 1 1 4 4 4 8 7 9 
1 4 8 1 4 1 8 4 1 1 6 6 1 1 6 1 6 1 6 8 1 1 7 1 8 1 9 7 0 1 1 7 7 1 1 1 6 1 1 7 1 1 1 1 6 1 9 1 1 8 4 1 7 5 1 7 1 1 1 1 4 5 9 9 1 8 1 1 5 1 1 1 5 1 1 8 1 1 8 9 8 1 6 4 1 9 1 1 1 7 9 1 4 1 1 6 1 4 1 1 
7 1 1 1 5 1 1 1 1 1 1 1 8 1 7 1 7 1 5 1 1 5 1 1 1 1 7 1 1 0 1 1 7 8 1 1 5 1 1 8 1 1 1 1 9 1 1 6 1 1 1 1 1 1 9 7 7 1 8 9 1 5 1 1 1 5 1 1 1 9 4 5 1 1 5 7 9 8 1 1 9 4 8 1 9 1 9 4 7 1 1 1 6 4 1 9 4 8 1 1 
1 1 1 1 5 1 4 1 1 4 1 1 7 1 1 1 1 6 1 6 4 1 1 9 5 8 7 1 1 1 0 4 1 1 6 8 5 6 1 6 5 1 7 1 1 1 5 1 9 9 1 1 1 1 1 1 1 8 4 1 4 1 5 1 1 1 1 1 1 1 6 8 1 1 1 7 9 1 7 1 1 5 9 4 5 6 8 8 1 1 1 8 6 1 9 4 1 1 1 1 
1 1 1 8 1 1 9 1 7 7 8 8 5 8 4 4 5 1 6 1 4 1 1 1 1 1 4 6 7 1 4 0 7 1 5 1 4 9 5 6 5 1 6 1 1 1 5 1 9 1 1 1 1 1 1 9 8 1 1 5 9 9 1 1 9 5 1 1 8 8 8 1 6 1 7 8 5 8 1 1 9 1 1 5 6 1 1 4 1 1 4 8 9 4 1 8 4 1 1 1 
4 4 7 9 1 8 1 8 7 1 8 1 4 1 1 7 7 1 1 1 1 1 1 8 1 1 1 1 7 7 1 7 0 1 8 8 5 6 1 6 4 8 1 1 1 1 9 7 1 1 1 9 1 1 1 1 4 5 1 1 6 1 1 5 7 1 1 4 7 1 1 1 1 1 1 7 1 1 5 8 1 1 1 1 6 7 1 7 9 7 1 1 1 4 8 7 1 9 1 1 
7 6 5 5 9 1 7 1 1 1 1 1 7 4 1 5 1 1 6 8 1 9 1 1 1 1 1 4 1 8 1 1 1 0 7 6 1 1 1 4 9 1 1 1 1 1 4 9 1 1 9 6 5 1 1 9 8 5 4 1 1 5 9 1 6 1 4 1 1 8 4 7 1 7 7 9 1 1 8 1 9 9 1 9 1 5 7 9 1 7 1 1 1 1 1 1 1 1 7 5 
1 1 1 9 4 1 5 6 1 4 8 9 7 1 5 1 8 9 1 6 1 1 1 1 1 1 6 4 1 1 6 5 8 7 0 1 1 7 6 1 1 1 1 1 1 1 1 9 1 1 1 1 1 1 4 6 6 1 4 4 1 1 1 9 6 1 1 1 1 9 1 9 1 1 6 6 5 1 1 1 9 7 1 1 1 8 1 1 5 8 4 4 1 1 1 5 9 1 8 5 
1 1 1 6 1 8 6 6 9 1 8 1 1 4 1 1 7 1 6 1 6 1 1 1 9 1 6 8 1 1 8 1 8 6 1 0 1 7 4 1 8 9 6 1 9 1 1 8 1 8 6 1 1 4 1 1 6 6 1 1 4 5 1 1 1 7 1 1 1 6 5 1 8 1 6 6 1 7 7 5 9 7 1 1 1 5 1 1 5 7 1 7 9 1 1 5 4 5 1 1 
1 6 1 9 6 6 9 9 1 8 9 1 8 7 1 1 6 9 4 1 5 1 5 1 9 4 8 1 6 5 5 4 5 1 1 1 0 7 1 1 1 5 1 7 1 1 4 1 1 1 1 1 4 7 1 9 1 9 4 1 9 7 1 4 6 8 1 8 6 4 7 9 1 1 8 1 1 1 1 1 1 1 5 1 1 7 1 8 7 9 1 8 1 1 6 1 7 1 7 1 
1 1 1 1 1 4 1 1 1 6 1 1 1 1 5 1 1 8 1 7 1 1 1 8 1 8 1 1 1 1 6 9 6 1 7 7 7 0 1 1 8 8 1 7 1 1 1 1 8 8 1 9 4 7 1 1 8 1 1 1 1 9 1 4 1 1 9 1 7 6 5 1 1 1 1 5 9 1 4 1 7 1 1 5 6 6 1 9 8 1 6 9 1 9 9 8 9 5 1 1 
1 1 6 4 1 8 1 1 1 9 1 7 1 9 9 9 4 9 8 1 5 1 7 7 6 8 1 1 1 1 1 5 1 1 6 4 1 1 0 1 9 9 1 1 6 1 4 1 1 5 9 1 9 1 6 1 1 1 8 8 1 8 9 1 1 1 1 1 8 6 1 7 8 1 6 1 1 8 1 8 6 1 1 1 5 9 1 6 1 8 1 1 8 1 7 1 1 1 1 1 
1 1 1 5 9 1 6 8 1 8 6 5 1 1 4 1 5 1 1 8 1 5 1 1 5 1 1 9 7 8 6 6 6 4 1 1 1 1 1 0 1 1 9 6 1 1 6 1 1 1 1 7 1 5 9 6 6 4 1 7 9 5 7 1 1 1 6 7 1 1 1 1 1 7 9 7 1 1 1 1 1 4 1 7 6 1 1 8 1 1 9 1 1 1 4 1 5 7 1 1 
1 1 1 1 1 7 7 4 1 1 4 1 1 7 8 1 1 8 1 5 9 9 6 1 1 1 7 1 1 1 5 5 4 9 1 8 1 8 9 1 0 1 5 1 1 1 1 1 7 5 1 5 1 7 1 8 1 1 5 1 4 9 1 8 1 5 6 1 1 1 1 9 6 5 5 6 7 1 1 1 7 1 5 9 7 5 9 5 1 9 1 6 8 1 5 9 5 5 1 1 
1 6 1 5 1 7 1 1 8 1 7 1 1 1 9 1 8 1 1 1 1 1 1 1 4 4 1 1 1 1 1 1 8 1 1 9 5 8 9 1 1 0 1 1 1 7 4 1 7 8 1 1 6 5 7 1 1 1 1 5 4 1 9 1 1 1 8 1 1 1 1 1 9 1 1 5 5 4 5 1 1 1 1 1 1 6 6 9 6 5 6 6 1 7 1 1 1 1 1 1 
1 8 9 1 9 9 7 1 4 1 1 1 7 4 1 4 1 8 1 1 9 8 1 8 1 6 8 7 1 1 7 6 1 1 1 6 1 1 1 9 5 1 0 9 5 1 1 5 1 7 8 1 8 1 1 8 6 1 7 8 9 1 8 1 7 1 7 1 1 1 1 1 1 1 1 1 1 1 1 9 8 1 1 1 5 1 1 1 1 1 1 6 8 1 7 9 6 1 1 8 
1 1 8 6 1 1 1 1 5 9 1 1 1 8 1 5 1 1 9 8 1 5 1 1 1 1 1 5 1 1 1 1 1 1 1 1 7 7 1 6 1 1 9 0 7 5 6 7 6 5 4 5 1 1 1 1 8 1 1 6 5 1 1 1 1 1 5 6 1 4 8 1 5 1 8 8 1 1 1 5 1 1 1 1 8 5 1 1 6 5 7 1 1 1 5 5 5 1 5 1 
1 1 9 9 8 5 8 1 1 7 8 8 5 5 7 7 1 1 7 1 1 4 7 6 7 8 4 1 6 9 1 1 1 1 1 9 1 1 6 1 1 1 5 7 0 1 7 1 9 7 1 1 1 6 7 4 5 1 7 1 8 7 1 5 1 1 4 1 1 9 6 1 4 1 1 8 9 8 1 1 1 1 1 1 5 4 5 8 8 7 9 1 8 5 1 4 9 1 1 6 
1 1 1 4 1 8 1 1 1 1 1 1 7 9 1 9 1 1 8 1 8 7 1 1 1 1 4 8 1 1 1 1 1 1 1 1 1 1 1 1 1 7 1 5 1 0 8 7 5 5 1 1 1 8 1 7 1 8 1 4 1 6 9 1 6 1 9 7 1 1 1 8 6 6 1 1 1 1 9 1 1 1 8 7 8 7 1 1 1 1 1 1 6 1 1 1 1 1 9 1 
4 1 1 1 1 1 1 1 1 1 7 1 1 1 1 8 7 9 5 6 1 1 7 1 4 9 9 1 9 1 5 5 9 4 1 1 4 1 4 6 1 4 1 6 7 8 0 5 1 5 1 6 1 1 1 1 9 1 1 1 4 5 1 1 7 1 8 1 1 9 8 5 4 9 4 9 1 1 7 4 5 1 1 4 9 1 1 6 1 1 1 4 7 7 1 6 1 1 7 1 
1 1 6 7 1 1 1 7 1 1 1 1 6 7 1 5 4 1 1 1 4 1 6 1 1 1 1 1 1 6 1 1 7 9 9 8 1 1 1 1 1 1 5 7 1 7 5 0 5 6 1 1 1 1 1 1 6 1 1 1 9 1 1 1 6 5 8 7 6 1 1 9 4 1 1 5 5 1 8 8 9 1 1 1 1 7 1 1 1 7 1 1 1 1 1 1 9 9 1 5 
8 1 7 5 8 8 8 6 4 1 1 1 9 4 1 9 1 9 1 1 1 1 1 1 1 8 1 4 1 1 9 9 1 1 1 1 1 8 1 1 7 7 1 6 9 5 1 5 0 5 1 1 1 5 1 1 1 8 8 9 5 7 5 1 6 5 1 1 1 1 1 1 7 5 5 5 1 7 6 1 1 1 4 1 1 1 1 1 5 5 1 6 1 1 4 7 1 5 1 8 
4 6 8 1 5 1 4 1 1 1 1 1 1 7 1 9 5 7 7 7 1 1 6 1 1 7 7 9 8 1 9 1 1 1 1 8 1 8 5 1 5 8 7 5 7 5 5 6 5 0 7 1 1 1 1 8 6 1 8 4 1 1 6 5 4 6 8 7 1 9 1 4 4 8 1 7 1 6 1 4 1 5 4 9 1 8 1 1 1 1 1 1 7 1 8 8 1 1 9 8 
1 9 5 1 5 1 1 1 1 1 1 6 1 8 1 1 5 7 4 6 4 1 7 1 8 5 1 1 4 1 1 1 1 9 1 6 1 1 9 1 1 1 8 4 1 1 1 1 1 7 0 1 6 8 1 1 4 1 1 7 7 5 1 6 5 9 4 5 1 1 1 9 1 1 1 1 1 6 1 6 5 1 8 1 7 9 1 1 1 1 7 1 1 6 9 1 1 9 1 1 
7 1 1 4 1 4 7 1 1 1 1 1 1 1 1 1 7 1 8 1 4 1 9 5 4 1 7 1 1 1 1 1 9 6 1 1 1 9 1 7 5 1 1 5 1 1 6 1 1 1 1 0 5 6 6 1 1 6 1 1 6 1 8 6 7 6 7 1 7 5 1 6 1 6 8 1 1 1 5 1 1 1 6 9 1 1 1 1 9 9 1 9 1 9 8 1 4 9 1 1 
1 8 1 7 1 7 1 5 1 8 1 8 1 4 5 5 1 5 1 1 9 1 5 8 4 8 7 7 7 1 1 1 1 5 1 1 4 4 9 1 1 6 8 1 1 1 1 1 1 1 6 5 0 1 9 7 1 1 4 6 1 6 6 1 5 8 1 1 5 4 1 1 1 1 1 1 1 1 1 4 7 1 1 6 1 4 1 7 5 1 1 1 5 5 7 5 1 9 1 5 
9 8 1 6 8 1 7 8 1 1 1 1 9 1 8 1 1 5 1 7 1 9 4 1 7 8 1 1 5 1 1 1 1 1 1 4 7 7 1 5 7 5 1 1 6 8 1 1 5 1 8 6 1 0 1 6 1 1 1 1 7 9 9 1 4 7 1 1 7 6 6 1 8 7 7 1 1 1 1 1 1 8 1 1 6 8 1 1 1 1 1 1 1 1 4 1 7 1 6 1 
7 7 1 4 4 9 7 1 1 1 8 1 1 1 1 1 1 1 6 9 1 1 1 7 8 1 4 1 1 9 1 1 1 1 4 1 1 1 6 9 1 7 1 1 7 1 1 1 1 1 1 6 9 1 0 1 6 1 9 1 7 7 1 1 1 1 4 7 1 7 1 1 1 5 4 8 1 1 6 9 1 5 1 1 8 1 9 5 1 1 1 6 1 6 8 5 4 1 1 1 
1 8 7 6 6 1 1 1 1 1 1 1 8 1 1 4 8 1 1 1 1 1 9 4 4 5 1 1 7 7 1 9 1 9 6 1 9 1 1 6 8 1 8 1 4 7 1 1 1 8 1 1 7 6 1 0 1 1 1 9 6 6 1 6 1 1 1 9 7 1 1 1 1 4 9 8 1 1 1 1 9 5 1 1 1 5 1 7 8 8 1 1 5 1 1 9 1 5 1 1 
7 1 7 9 4 1 1 1 1 1 1 4 1 1 4 8 7 1 1 4 4 1 8 1 1 1 5 1 1 7 1 8 4 8 6 6 1 8 1 6 1 1 6 8 5 1 9 6 1 6 4 1 1 1 6 1 0 9 8 5 5 1 4 1 1 1 7 5 9 1 4 1 1 8 1 1 1 1 1 1 4 9 4 1 1 4 1 1 1 9 1 1 7 1 1 1 1 6 1 9 
8 9 8 1 4 8 6 1 6 6 9 1 1 1 1 5 6 5 6 4 8 1 1 5 8 6 1 1 1 1 8 1 5 5 1 6 9 1 1 4 1 1 1 1 1 8 1 1 8 1 1 6 1 1 1 1 9 0 8 1 1 1 1 1 6 9 4 1 1 9 1 7 1 1 1 1 4 1 8 4 9 1 9 7 1 8 8 4 1 6 9 1 8 7 9 1 1 5 5 1 
1 4 8 1 1 1 1 1 8 5 1 1 9 9 1 8 1 1 1 1 5 8 8 1 4 1 4 1 1 8 4 1 1 4 4 1 4 1 8 1 5 1 7 1 7 1 1 1 8 8 1 1 4 1 9 1 8 8 0 6 1 8 1 6 1 1 1 9 6 1 4 4 1 1 1 1 1 7 7 4 9 1 1 8 1 1 6 1 1 1 1 4 5 6 7 6 1 1 1 1 
1 1 5 9 5 5 5 1 8 9 8 5 4 1 1 1 1 8 9 6 1 7 1 6 1 1 9 8 1 9 1 5 1 1 4 1 1 1 8 7 1 5 8 6 1 4 1 1 9 4 7 1 6 1 1 9 5 1 6 0 9 1 7 8 1 4 1 1 1 1 1 1 9 4 1 1 1 5 1 1 1 1 1 6 1 1 1 1 7 1 9 8 1 4 1 7 1 1 1 7 
9 8 1 1 5 6 9 8 5 4 1 7 1 1 1 4 1 1 1 7 1 5 5 8 8 7 1 1 4 1 4 9 6 1 1 4 9 1 1 9 4 4 9 5 8 1 4 9 5 1 7 6 1 7 7 6 5 1 1 9 0 1 1 1 4 1 1 1 8 1 4 1 9 4 1 1 8 4 1 8 1 5 1 9 1 1 1 7 1 4 1 1 1 9 1 5 7 8 9 1 
1 1 1 1 1 1 1 1 1 1 1 4 6 1 6 6 1 1 9 1 1 9 9 1 1 1 5 1 5 5 1 9 1 5 1 5 7 9 8 5 9 1 1 1 7 6 5 1 7 1 5 1 6 9 7 6 1 1 8 1 1 0 1 8 1 7 7 6 1 1 1 1 9 1 4 8 9 1 8 1 8 4 1 7 1 1 9 1 1 9 9 1 1 9 1 1 1 1 1 5 
5 1 7 1 8 1 1 1 1 8 1 7 4 7 1 1 9 1 8 1 1 1 1 1 1 1 1 1 9 1 5 1 1 9 1 1 1 1 9 7 1 9 8 1 1 9 1 1 5 6 1 8 6 9 1 1 4 1 1 7 1 1 0 5 1 5 4 1 1 8 6 9 1 5 7 1 1 1 6 1 8 8 8 1 5 6 1 4 1 8 9 9 1 1 9 1 4 1 8 9 
1 7 1 1 1 8 1 1 8 5 9 1 1 6 1 1 1 1 8 1 1 1 6 5 5 8 9 6 9 1 1 1 5 1 9 1 4 4 1 1 8 1 1 1 5 1 1 1 1 5 6 6 1 1 1 6 1 1 6 8 1 8 5 0 1 1 9 1 5 1 1 6 5 1 1 1 6 1 1 1 1 6 6 9 8 1 5 1 1 5 1 9 1 1 1 8 5 1 1 1 
1 1 1 1 1 7 5 1 5 5 5 5 9 9 7 1 5 1 7 1 9 1 4 9 9 1 6 1 1 1 1 9 7 6 6 1 6 1 1 1 1 1 7 1 1 6 7 6 6 4 5 7 5 4 1 1 1 6 1 1 4 1 1 1 0 1 1 1 1 1 1 9 8 4 1 5 1 1 1 1 7 8 8 1 1 9 7 1 6 7 1 1 9 4 5 6 4 1 1 1 
1 5 5 5 6 1 1 1 9 1 7 1 1 7 1 8 7 4 9 4 1 1 1 6 9 9 9 9 8 5 1 5 1 1 1 7 8 1 1 1 5 1 1 1 1 1 1 5 5 6 9 6 8 7 1 1 1 9 1 4 1 7 5 1 1 0 1 1 9 4 1 1 1 1 1 9 7 7 1 1 1 1 1 8 1 1 4 1 6 1 1 6 6 1 1 9 1 1 7 1 
4 1 1 1 1 9 7 7 9 7 1 1 7 9 9 1 1 1 5 1 1 1 8 7 1 1 1 1 1 1 1 1 1 4 1 1 1 9 1 6 6 8 7 5 4 9 8 8 1 8 4 7 1 1 4 1 7 4 1 1 1 7 4 9 1 1 0 1 5 4 1 9 1 1 1 1 1 1 4 1 1 1 9 4 8 6 1 1 7 1 1 7 1 1 1 1 9 1 1 5 
1 8 1 5 8 1 9 9 7 4 1 1 1 1 6 9 7 8 1 1 1 4 4 1 4 8 1 1 1 1 1 1 4 1 1 1 8 1 1 7 1 1 1 6 1 7 1 7 1 7 5 1 1 1 7 9 5 1 9 1 1 6 1 1 1 1 1 0 1 1 4 8 1 1 1 6 9 1 1 1 1 1 9 8 1 6 1 9 9 1 5 1 8 5 9 1 4 1 5 9 
8 7 5 7 6 7 1 1 1 1 1 1 1 1 1 9 6 1 1 1 1 1 6 1 1 1 1 5 5 1 1 8 7 1 1 1 6 7 8 1 1 1 1 1 1 1 1 6 1 1 1 7 5 7 1 7 9 1 6 1 8 1 1 5 1 9 5 1 0 1 5 1 7 5 6 6 1 1 1 7 7 9 1 1 1 1 8 5 1 8 1 8 4 1 1 9 1 8 1 1 
1 9 7 9 7 1 1 1 1 1 1 4 1 1 1 7 9 5 1 4 1 1 5 1 7 1 4 1 1 9 1 8 1 8 9 6 4 6 6 1 1 1 1 4 9 1 9 1 1 9 1 5 4 6 7 1 1 9 1 1 1 1 8 1 1 4 4 1 1 0 5 1 1 6 1 1 8 1 4 1 1 1 1 1 6 9 9 1 1 7 1 1 1 1 1 1 1 1 1 5 
1 1 4 1 1 7 1 1 1 1 1 9 1 1 1 1 1 1 8 1 8 6 1 7 5 1 1 1 1 4 6 8 1 4 1 5 7 5 1 1 1 1 1 8 6 1 8 1 1 1 1 1 1 6 1 1 4 1 4 1 4 1 6 1 1 1 1 4 5 5 0 1 1 1 5 8 1 1 6 4 8 1 6 6 1 1 1 4 5 1 6 6 1 1 7 9 9 1 5 1 
7 1 6 1 1 8 1 1 1 7 1 1 1 1 9 1 1 6 1 4 4 1 7 5 1 1 8 1 1 5 8 1 1 7 9 1 9 1 7 1 9 1 1 1 1 8 5 9 1 4 9 6 1 1 1 1 1 7 4 1 1 1 9 6 9 1 9 8 1 1 1 0 1 1 1 1 1 1 1 5 1 1 4 1 4 6 1 1 8 7 1 5 1 5 6 4 5 6 1 1 
1 1 5 1 1 4 1 8 9 8 1 1 9 6 4 1 1 1 1 1 9 1 8 1 5 1 5 8 5 1 1 6 1 1 1 8 1 1 8 1 6 9 1 5 4 6 4 4 7 4 1 1 1 8 1 1 1 1 1 9 9 9 1 5 8 1 1 1 7 1 1 1 0 1 5 1 9 1 1 1 5 5 8 1 1 1 1 9 1 1 1 1 1 1 9 8 5 9 4 7 
1 1 1 9 1 1 1 1 1 6 1 9 1 1 1 1 1 1 1 1 1 1 1 1 8 1 4 1 1 1 1 1 1 7 1 1 1 1 1 7 5 1 1 1 1 6 9 1 5 8 1 6 1 7 5 4 8 1 1 4 4 1 5 1 4 1 1 1 5 6 1 1 1 0 9 1 1 1 9 1 1 9 1 1 8 1 7 7 1 1 1 8 1 1 8 4 1 1 8 1 
7 4 4 1 1 5 5 1 1 1 1 1 5 8 1 6 1 1 1 4 5 4 4 1 6 8 1 7 1 5 1 7 1 7 6 6 8 1 6 9 5 1 1 8 1 1 4 1 5 1 1 8 1 7 4 9 1 1 1 1 1 4 7 1 1 1 1 1 6 1 5 1 5 9 0 9 1 4 9 4 8 1 5 1 1 1 1 1 4 5 1 9 8 8 1 1 5 8 6 1 
1 1 7 1 1 1 1 1 6 7 1 8 1 1 6 1 7 5 1 1 5 8 5 6 1 1 1 1 8 7 7 8 7 9 6 6 1 5 1 7 6 5 1 8 8 1 9 5 5 7 1 1 1 1 8 8 1 1 1 1 1 8 1 1 5 9 1 6 6 1 8 1 1 1 9 0 1 1 7 1 9 8 7 1 1 1 1 5 7 1 1 1 1 1 1 1 1 1 1 6 
5 4 1 1 1 6 1 1 1 5 1 4 8 4 5 1 1 7 8 9 1 5 1 8 8 1 1 7 1 9 9 5 1 1 5 1 1 9 1 1 7 5 1 1 9 1 1 5 1 1 1 1 1 1 1 1 1 4 1 1 8 9 1 6 1 7 1 9 1 8 1 1 9 1 1 1 0 7 6 1 8 1 1 1 1 1 1 8 1 8 1 1 1 1 5 1 4 8 9 1 
6 1 1 9 1 6 1 7 8 1 6 4 7 1 1 1 9 1 8 1 6 1 8 1 5 1 1 1 1 8 1 8 1 1 1 7 1 1 8 1 1 4 1 1 8 1 1 1 7 6 6 1 1 1 1 1 1 1 7 5 4 1 1 1 1 7 1 1 1 1 1 1 1 1 4 1 7 0 1 1 1 7 1 7 8 1 8 1 9 8 1 7 1 1 1 9 9 1 7 9 
1 1 4 1 4 1 6 1 1 6 1 1 1 8 8 1 1 8 1 1 6 8 1 1 5 1 7 6 8 1 7 1 5 8 1 7 1 4 1 1 1 5 1 1 1 9 7 8 6 1 1 5 1 1 6 1 1 8 7 1 1 8 6 1 1 1 4 1 1 4 6 1 1 9 9 7 6 1 0 1 5 8 1 1 1 6 1 4 1 1 5 8 1 1 7 1 5 1 1 1 
1 6 5 6 7 9 1 1 1 1 1 1 9 9 1 1 1 1 1 5 7 7 8 4 1 1 1 1 9 1 1 1 8 1 1 5 1 1 8 1 1 1 9 5 1 1 4 8 1 4 6 1 4 1 9 1 1 4 4 1 8 1 1 1 1 1 1 1 7 1 4 5 1 1 4 1 1 1 1 0 6 4 1 4 7 8 1 7 4 1 5 6 1 1 1 1 9 7 4 1 
1 1 1 1 5 1 1 1 9 8 1 1 1 7 8 8 1 1 1 4 1 1 9 1 1 7 1 1 8 9 1 9 1 9 9 9 1 7 6 1 7 1 8 1 1 1 5 9 1 1 5 1 7 1 1 9 4 9 9 1 1 8 8 1 7 1 1 1 7 1 8 1 5 1 8 9 8 1 5 6 0 9 5 7 1 6 7 1 7 1 1 5 4 1 1 1 1 1 1 1 
8 1 1 4 1 7 1 1 1 1 8 1 8 1 4 5 1 1 1 4 1 1 1 1 4 1 1 8 1 4 5 1 1 9 7 7 1 1 1 4 1 1 1 1 1 1 1 1 1 5 1 1 1 8 5 5 9 1 1 1 5 4 8 6 8 1 1 1 9 1 1 1 5 9 1 8 1 7 8 4 9 0 8 1 5 9 7 9 7 1 1 4 1 1 8 1 1 8 1 8 
1 1 9 5 1 1 5 4 6 6 1 1 5 1 9 1 1 1 1 6 1 1 6 7 7 4 7 1 6 8 9 1 1 1 1 1 5 1 1 1 5 1 1 1 1 8 1 1 4 4 8 6 1 1 1 1 4 9 1 1 1 1 8 6 8 1 9 9 1 1 6 4 8 1 5 7 1 1 1 1 5 8 0 4 9 1 5 1 6 1 1 1 1 8 1 7 7 4 5 1 
4 1 1 6 1 1 5 4 1 1 5 7 1 6 9 9 5 9 1 9 4 5 8 7 1 1 1 1 4 1 4 5 1 9 1 1 1 5 1 7 9 1 1 1 1 7 4 1 1 9 1 9 6 1 1 1 1 7 8 6 9 7 1 9 1 8 4 8 1 1 6 1 1 1 1 1 1 7 1 4 7 1 4 0 1 6 6 1 1 1 1 1 4 1 1 1 9 1 1 4 
1 1 1 4 1 9 4 9 1 5 6 4 1 6 9 6 1 1 6 1 1 1 1 1 9 1 4 1 1 9 5 6 6 1 1 1 1 6 5 6 7 1 5 8 5 8 9 1 1 1 7 1 1 6 8 1 1 1 1 1 1 1 5 8 1 1 8 1 1 6 1 4 1 8 1 1 1 8 1 7 1 5 9 1 0 1 7 6 1 5 9 1 8 7 8 6 1 1 5 1 
4 1 1 4 8 1 8 7 1 1 1 1 8 8 7 7 9 6 8 1 1 1 4 6 1 5 8 6 9 1 6 1 7 5 8 5 7 6 9 1 5 6 1 5 4 7 1 7 1 8 9 1 4 8 1 5 4 8 1 1 1 1 6 1 9 1 6 6 1 9 1 6 1 1 1 1 1 1 6 8 6 9 1 6 1 0 1 8 6 5 1 6 1 9 4 1 8 1 9 1 
7 1 1 1 8 4 1 5 5 1 1 8 1 1 5 1 1 1 7 1 1 1 1 1 5 5 7 1 1 9 8 1 1 7 1 1 1 1 1 1 9 6 1 1 5 1 1 1 1 1 1 1 1 1 9 1 1 8 6 1 1 9 1 5 7 4 1 1 8 9 1 1 1 7 1 1 1 8 1 1 7 7 5 6 7 1 0 4 8 4 9 1 1 7 4 8 1 9 1 4 
1 4 7 8 8 1 1 7 1 8 1 1 1 9 1 1 6 4 1 5 1 4 1 9 1 1 1 1 1 4 8 4 7 9 1 1 8 9 6 8 5 9 1 1 8 1 6 1 1 1 1 1 7 1 5 7 1 4 1 1 7 1 4 1 1 1 1 9 5 1 4 1 9 7 1 5 8 1 4 7 1 9 1 1 6 8 4 0 7 7 1 1 5 8 1 1 1 1 4 6 
8 1 1 1 9 7 5 8 5 8 1 1 8 9 5 1 1 7 9 4 5 9 1 1 1 1 9 9 1 7 1 1 9 1 5 5 7 8 1 1 1 6 1 6 8 1 1 1 5 1 1 9 5 1 1 8 1 1 1 7 1 1 1 1 6 6 7 9 1 1 5 8 1 1 4 7 1 9 1 4 7 7 6 1 1 6 8 7 0 5 8 1 5 9 1 1 1 6 1 9 
7 1 1 4 1 1 1 6 5 1 1 1 1 1 1 6 4 1 8 8 4 6 1 1 7 6 1 4 7 1 1 1 7 7 8 7 9 1 8 1 9 5 1 5 7 1 1 7 5 1 1 9 1 1 1 8 9 6 1 1 4 9 8 5 7 1 1 1 8 7 1 7 1 1 5 1 8 8 1 1 1 1 1 1 5 5 4 7 5 0 9 1 1 1 1 1 4 6 1 1 
1 8 8 4 6 7 5 9 6 5 7 7 1 5 1 9 1 6 4 1 9 9 1 1 6 1 4 9 9 1 1 4 1 1 4 1 1 6 1 9 1 6 1 7 9 1 1 1 1 1 7 1 1 1 1 1 1 9 1 9 1 9 9 1 1 1 1 5 1 1 6 1 1 1 1 1 1 1 5 5 1 1 1 1 9 1 9 1 8 9 0 9 1 7 1 1 1 1 1 1 
1 1 1 1 1 9 1 4 1 1 1 1 1 6 1 1 8 4 5 5 1 1 1 1 1 1 1 1 1 1 8 8 1 1 4 7 8 9 1 1 6 6 6 1 1 1 4 1 6 1 1 9 1 1 6 1 1 1 4 8 1 1 9 9 1 6 7 1 8 1 6 5 1 8 9 1 1 7 8 6 5 4 1 1 1 6 1 1 1 1 9 0 1 7 1 1 1 1 6 1 
5 1 1 9 4 1 1 1 9 1 8 1 9 4 1 1 1 1 1 1 9 9 1 1 1 5 1 1 4 6 6 9 1 1 1 9 1 1 8 1 8 1 8 1 8 6 7 1 1 7 1 1 5 1 1 5 7 8 5 1 1 1 1 1 9 6 1 8 4 1 1 1 1 1 8 1 1 1 1 1 4 1 1 4 8 1 1 5 5 1 1 1 0 1 1 8 1 1 5 8 
5 1 1 5 7 1 8 9 5 1 1 1 6 1 4 5 1 1 9 1 1 1 1 1 1 1 1 1 1 4 1 4 4 1 1 1 1 9 1 1 1 7 1 1 5 1 7 1 1 1 6 9 5 1 6 1 1 7 6 4 9 9 1 1 4 1 1 5 1 1 1 5 1 1 8 1 1 1 1 1 1 1 8 1 7 9 7 8 9 1 7 7 1 0 1 7 1 1 1 1 
1 8 1 1 9 1 9 1 1 1 1 1 4 1 8 1 4 1 1 1 1 7 1 9 5 4 1 4 1 1 9 1 8 1 1 1 6 9 7 4 5 1 7 5 1 1 1 1 4 8 9 8 7 4 8 1 1 9 7 1 1 1 9 1 5 1 1 9 1 1 7 6 9 8 1 1 5 1 7 1 1 8 1 1 8 4 4 1 1 1 1 1 1 1 0 1 5 9 8 9 
1 1 4 4 6 4 1 1 1 1 4 6 8 7 1 4 1 1 6 1 1 1 1 6 1 4 1 4 6 9 4 8 7 1 5 5 1 8 1 1 9 1 9 5 4 1 6 1 7 8 1 1 5 1 5 9 1 1 6 7 5 1 1 8 6 9 1 1 9 1 9 4 8 4 1 1 1 9 1 1 1 1 7 1 6 1 8 1 1 1 1 1 8 7 1 0 1 1 1 6 
1 1 6 9 1 5 4 9 1 5 5 1 8 1 5 1 6 5 4 1 1 1 5 1 1 1 1 4 1 4 1 4 1 1 9 4 7 9 1 5 5 1 6 5 9 1 1 9 1 1 1 4 1 7 4 1 1 1 1 1 7 1 4 5 4 1 9 4 1 1 9 5 5 1 5 1 4 9 5 9 1 1 7 9 1 8 1 1 1 4 1 1 1 1 5 1 0 1 9 1 
1 1 1 1 6 8 8 1 4 1 1 1 1 4 1 1 7 9 1 1 4 1 1 5 6 1 7 8 4 8 1 1 9 1 1 5 1 5 1 7 5 1 1 1 1 1 1 9 5 1 9 9 9 1 1 5 6 5 1 1 8 1 1 1 1 1 1 1 8 1 1 6 9 1 8 1 8 1 1 7 1 8 4 1 1 1 9 1 6 6 1 1 1 1 9 1 1 0 1 1 
1 4 6 9 1 4 1 7 1 1 1 1 1 1 4 4 1 6 7 8 1 5 1 1 6 1 1 7 1 1 1 1 1 7 8 1 7 1 1 1 1 1 1 5 1 9 7 1 1 9 1 1 1 6 1 1 1 5 1 1 9 1 8 1 1 7 1 5 1 1 5 1 4 8 6 1 9 7 1 4 1 1 5 1 5 9 1 4 1 1 1 6 5 1 8 1 9 1 0 6 
1 7 1 1 5 1 1 1 8 6 9 5 1 8 1 1 1 1 1 8 1 1 4 5 8 1 1 9 1 1 1 1 1 5 5 1 1 1 1 1 1 1 8 1 6 1 1 5 8 8 1 1 5 1 1 1 9 1 1 7 1 5 9 1 1 1 5 9 1 5 1 1 7 1 1 6 1 9 1 1 1 8 1 4 1 1 4 6 9 1 1 1 8 1 9 6 1 1 6 0 
1 1 5 8 7 1 4 9 1 1 1 1 9 1 5 1 1 1 1 1 1 4 1 6 7 6 5 9 1 1 5 1 1 5 1 1 1 1 1 7 8 6 1 1 4 1 1 7 1 1 8 9 8 1 1 1 9 6 1 1 1 5 1 1 1 1 1 1 1 1 1 1 1 1 1 1 5 1 1 1 1 1 7 1 8 1 1 1 1 1 1 1 9 1 1 1 9 1 1 1 
1 1 1 1 8 1 1 1 1 1 1 1 5 7 1 1 1 7 1 8 1 6 1 1 1 1 1 1 1 1 1 8 1 1 1 9 8 1 1 9 1 1 1 5 1 1 1 5 1 1 1 1 1 1 1 1 1 7 5 1 8 1 1 8 1 9 1 1 1 5 1 1 5 1 5 1 7 8 1 1 1 4 1 1 1 8 1 1 1 1 6 1 1 1 1 1 5 9 7 1 
7 7 1 1 1 1 7 1 1 1 1 1 1 1 1 9 1 1 5 1 1 6 1 4 1 6 1 1 1 1 1 1 8 1 1 7 1 9 1 1 1 1 1 1 4 7 4 1 1 6 8 1 1 1 7 4 9 1 1 1 4 1 1 1 1 1 1 1 1 1 4 7 1 1 1 1 1 1 1 1 1 6 1 1 1 8 1 1 1 1 1 5 1 1 8 6 1 1 8 1 
1 1 1 1 1 1 7 1 1 1 1 1 6 8 1 1 1 1 8 1 9 1 1 1 1 8 8 1 1 1 1 5 1 1 1 1 1 1 1 1 6 1 1 1 1 1 1 1 1 7 1 1 4 1 1 7 1 1 1 1 1 1 1 9 8 7 1 1 1 1 1 9 7 6 1 1 1 8 1 1 1 1 1 1 8 8 8 1 8 1 1 5 1 1 1 1 4 8 1 1 
1 1 1 1 1 1 1 1 1 1 5 1 8 1 8 1 1 1 1 1 1 1 8 1 1 1 1 9 1 7 8 1 1 1 1 1 1 1 1 1 1 1 1 8 1 1 1 1 1 9 1 8 9 1 1 1 8 7 1 1 1 1 1 1 8 1 1 4 1 4 1 1 7 1 4 8 1 9 1 1 1 9 9 1 1 8 1 1 7 9 1 1 1 1 4 1 1 1 1 1 
1 6 1 1 1 1 1 1 1 6 1 1 1 1 8 1 1 1 4 1 1 9 5 5 4 4 4 1 1 1 1 1 5 9 1 7 1 1 1 1 1 1 1 7 1 1 1 1 1 8 5 1 4 8 6 1 1 1 1 1 1 1 1 1 8 1 1 1 1 9 1 1 1 1 1 1 1 7 9 1 1 1 1 5 1 1 1 1 7 8 1 9 8 1 1 1 6 1 4 1 
1 1 1 1 8 1 1 5 8 1 1 1 1 6 5 1 1 1 6 1 1 1 1 1 8 1 1 1 7 9 5 1 7 1 6 1 5 1 1 1 4 1 1 1 1 1 1 1 9 1 1 1 1 1 5 7 1 1 1 4 9 1 5 8 1 4 1 1 1 1 5 8 1 1 1 1 1 1 1 7 1 1 1 1 1 1 1 1 4 9 1 8 1 1 1 1 1 1 1 1 
1 1 1 1 1 1 1 1 1 1 1 1 1 1 1 1 9 1 1 9 1 1 1 5 1 5 7 1 1 1 8 1 1 1 1 4 1 1 1 4 6 1 8 9 8 1 1 1 5 1 1 8 1 1 7 7 8 1 9 9 1 1 1 5 1 1 1 7 9 5 5 1 1 1 1 1 9 8 7 4 8 5 1 1 4 1 1 1 5 1 4 1 6 9 1 5 1 1 1 1 
1 1 1 1 9 6 1 1 6 5 1 9 7 9 6 1 1 1 8 9 8 1 1 1 1 4 1 1 8 1 1 1 1 1 1 7 1 7 5 1 1 1 1 1 5 1 1 1 6 1 1 1 1 1 1 1 8 4 1 1 1 1 4 1 1 1 6 1 1 1 1 1 1 1 1 1 1 1 1 8 6 1 1 6 1 1 1 8 1 1 1 1 8 4 1 1 7 1 5 1 
1 1 1 1 1 1 1 1 1 8 1 1 1 1 1 6 8 1 6 9 1 1 1 1 1 1 6 1 7 1 8 1 1 4 1 1 7 1 1 1 1 8 1 1 1 1 9 1 1 9 1 1 1 1 8 4 7 9 1 1 7 1 1 1 1 1 5 5 5 1 9 1 1 5 5 1 9 1 1 4 1 1 1 1 1 9 1 1 1 1 5 1 1 1 1 1 1 1 8 1 
1 1 1 9 1 1 1 4 1 6 7 1 1 1 1 8 9 8 1 1 1 5 1 6 1 1 7 1 1 1 1 7 9 1 7 1 1 1 1 1 1 1 6 1 5 1 1 9 7 1 9 1 8 1 1 1 1 1 1 9 1 1 6 1 1 9 4 1 1 1 1 1 1 1 7 5 1 1 1 5 1 1 1 8 1 1 9 1 1 4 1 1 1 1 7 5 5 1 1 1 
1 7 1 1 1 1 9 1 1 1 1 1 1 1 9 8 1 5 4 1 1 1 1 1 1 1 1 1 6 1 1 7 1 1 1 1 1 5 1 1 1 1 1 1 1 7 1 1 1 1 1 1 1 1 9 1 9 6 1 1 8 1 7 1 1 1 6 7 1 5 7 9 9 1 1 5 1 1 8 1 1 1 5 1 8 1 1 1 4 7 5 1 1 7 9 1 1 1 1 1 
1 1 1 6 8 1 1 1 4 1 1 5 1 1 1 1 8 1 7 1 1 6 1 1 9 7 1 1 1 7 1 8 5 1 1 9 1 1 1 1 1 1 1 1 7 7 1 8 1 1 1 4 5 7 1 7 1 1 1 8 1 1 1 1 8 1 1 7 6 8 1 1 1 1 7 1 1 1 1 7 1 1 5 1 1 1 9 1 4 9 1 1 1 1 5 7 1 1 7 9 
7 1 4 9 1 9 8 1 1 1 1 1 7 1 1 1 4 1 1 8 1 1 1 1 1 6 6 9 8 1 9 8 1 1 1 6 1 1 9 5 6 1 6 1 1 1 1 1 1 1 6 1 1 1 7 1 1 1 1 1 1 9 1 1 7 1 8 5 1 1 1 1 9 1 1 1 1 8 9 1 1 4 1 1 9 1 7 1 1 1 1 1 1 1 1 1 1 1 1 1 
7 1 1 1 1 1 1 1 7 1 1 1 1 1 1 5 6 1 7 1 1 6 1 1 9 1 7 1 1 6 1 1 1 1 1 7 1 9 9 1 1 1 1 9 6 4 1 1 1 1 1 1 8 1 1 7 9 1 9 1 1 1 1 1 1 9 7 1 9 1 1 1 1 1 1 1 1 6 7 8 4 1 9 1 7 1 1 5 1 9 1 1 1 1 1 1 1 1 1 1 
1 1 1 1 1 5 1 1 1 1 4 1 4 9 9 6 1 7 5 8 1 9 7 1 4 1 1 1 1 1 1 1 1 1 1 8 1 1 1 7 1 1 1 7 1 4 1 1 7 1 4 1 1 1 1 1 1 1 1 1 1 1 1 4 1 1 7 1 1 1 8 1 1 1 1 4 1 1 1 1 1 5 1 8 1 1 6 1 4 1 1 1 1 1 5 1 1 1 1 1 
1 6 9 1 1 1 6 5 1 1 1 1 1 5 5 1 1 1 4 1 1 1 1 1 1 6 1 1 4 1 5 1 1 1 1 4 1 6 7 1 1 1 1 1 1 1 1 1 8 1 1 1 1 1 1 6 1 1 7 1 1 9 8 1 1 5 1 1 1 1 1 1 1 1 8 4 6 9 1 6 1 1 1 1 1 1 1 1 1 5 5 9 4 1 1 1 1 6 8 1 
1 1 1 1 1 1 1 1 1 1 1 1 1 1 1 6 1 8 1 1 1 1 1 1 6 1 1 1 1 1 1 1 1 1 1 1 1 1 1 9 1 1 6 1 1 1 1 1 1 7 7 5 1 1 1 6 1 9 1 7 1 9 1 1 4 1 1 8 1 1 1 1 1 1 1 1 9 1 1 6 1 1 1 1 1 1 1 9 1 1 1 1 8 7 1 1 9 1 1 8 
4 9 1 5 1 1 5 1 1 1 1 5 9 1 6 1 6 1 6 1 1 1 1 9 1 1 1 1 1 1 7 1 8 1 5 8 1 1 1 1 9 1 1 1 1 1 8 1 1 8 1 5 1 6 1 1 6 1 1 1 1 1 1 1 1 1 1 8 1 5 1 1 4 6 1 6 1 1 1 1 1 5 1 1 1 1 1 1 1 1 1 1 9 1 1 8 1 1 1 9 
1 1 1 5 1 1 1 1 1 1 1 1 1 1 7 9 1 1 1 1 1 1 5 5 1 1 5 1 1 1 1 1 1 1 1 1 1 1 1 1 4 7 4 1 8 7 8 1 1 1 6 1 1 1 1 5 5 1 1 1 7 1 1 7 7 1 1 4 4 8 1 1 1 1 1 1 6 1 1 1 1 1 1 1 9 1 1 1 1 1 1 8 1 4 7 9 1 1 1 1 
1 6 1 1 1 1 1 4 1 9 1 1 1 1 8 9 5 1 1 8 1 1 6 1 1 6 1 1 1 1 1 1 1 1 6 1 1 1 1 1 1 9 1 1 4 1 1 1 1 1 5 1 1 1 8 1 1 1 6 1 1 1 1 1 9 1 1 1 6 1 1 1 1 1 8 1 1 9 1 7 1 1 1 1 1 1 6 4 9 1 5 1 1 1 1 1 1 1 1 8 
1 8 7 5 1 1 7 1 6 5 1 5 1 1 4 8 5 1 9 1 1 1 1 8 9 1 7 7 1 1 7 1 9 4 8 1 1 1 4 1 9 1 9 1 1 4 4 1 1 1 4 5 1 5 1 1 5 1 9 7 1 1 1 1 1 4 5 1 1 1 1 1 1 1 5 1 7 1 8 6 1 1 1 1 1 6 1 1 1 1 8 1 1 1 1 6 7 1 1 1 
1 1 1 1 1 1 1 1 1 1 7 1 6 1 1 1 7 1 1 1 7 1 7 1 8 1 8 1 1 1 1 1 9 1 7 1 1 4 1 1 9 1 1 1 1 9 1 4 1 1 1 1 1 1 1 1 1 1 6 1 1 8 1 6 1 1 9 1 1 8 1 6 7 1 1 6 1 6 1 1 1 1 9 1 5 1 1 1 1 1 4 9 1 1 9 1 1 1 1 5 
4 1 1 8 4 1 1 4 1 1 8 5 5 5 1 1 1 1 1 4 1 5 7 5 1 1 9 6 1 1 1 1 6 4 1 1 1 1 5 1 1 1 1 1 5 1 1 1 1 6 9 1 1 6 8 1 1 5 9 1 5 1 1 1 5 1 4 6 1 1 1 1 1 1 5 1 1 1 1 4 8 6 9 1 8 1 5 1 1 9 8 1 1 1 1 1 1 1 9 1 
1 1 1 1 1 1 4 6 6 1 1 8 6 1 8 1 1 1 5 4 1 7 1 1 1 1 1 1 6 1 1 7 1 1 1 5 1 5 6 6 1 1 1 1 1 1 1 5 4 1 6 1 8 1 1 1 1 1 1 1 1 1 1 1 1 1 1 1 1 4 1 1 1 4 1 1 1 1 1 8 8 7 1 1 1 1 7 1 4 1 1 4 1 1 7 6 7 6 6 1 
9 1 7 1 1 1 1 1 6 6 1 1 1 1 1 1 1 1 1 1 1 1 1 1 1 1 1 8 1 1 1 9 1 1 1 1 1 1 1 4 1 5 1 1 1 8 1 6 1 1 1 9 1 1 1 8 4 1 1 9 7 1 1 1 1 1 1 1 8 1 6 1 1 1 1 1 1 1 1 4 1 1 8 4 1 4 1 1 1 9 5 1 1 1 4 1 1 8 4 9 
1 1 1 1 1 1 8 1 1 1 1 1 8 1 1 1 1 1 1 1 6 7 1 5 5 6 1 4 1 5 1 1 1 1 1 1 1 1 1 1 7 8 1 1 1 8 1 1 1 9 1 1 1 7 1 1 1 4 7 1 1 7 1 1 1 1 1 1 7 6 5 4 8 1 1 5 1 6 1 1 1 1 1 1 8 1 4 1 1 7 1 9 1 1 1 1 1 4 7 5 
1 4 7 1 1 8 1 6 1 6 1 1 1 1 1 1 7 1 1 1 1 6 1 6 1 1 7 1 7 1 6 1 1 1 1 1 1 1 1 1 1 1 1 1 1 5 1 1 1 1 1 9 1 5 1 1 1 1 5 9 1 1 1 1 1 1 5 7 9 1 1 5 9 1 1 1 1 1 1 9 1 1 1 8 1 1 1 1 1 1 1 1 9 1 1 4 1 9 1 1 
8 1 1 1 8 1 1 7 1 1 8 1 1 9 9 1 1 4 1 1 7 1 1 5 7 1 1 1 1 7 1 1 1 1 4 1 1 1 6 9 6 1 1 1 1 1 6 1 9 1 4 5 1 1 1 8 9 1 1 7 1 1 5 1 1 1 9 7 6 7 1 1 1 8 6 7 1 1 1 1 1 7 1 1 9 8 1 5 1 1 9 1 1 1 1 9 6 1 1 1 
1 8 5 1 1 1 1 7 1 1 1 1 4 1 1 1 1 1 4 1 1 1 1 1 6 1 1 4 1 9 1 1 1 1 1 1 1 1 8 1 1 1 1 1 9 1 1 1 1 7 1 1 1 1 1 7 1 1 1 1 1 8 7 1 6 1 1 1 6 1 1 5 1 1 1 1 1 7 1 7 7 9 1 1 1 1 8 6 6 1 1 1 1 1 1 4 7 1 1 1 
1 1 1 5 4 1 1 9 1 1 1 4 1 4 5 5 1 1 1 1 7 1 1 1 1 1 1 1 8 1 1 4 1 7 1 1 9 8 1 9 6 1 9 1 1 1 7 4 1 6 1 1 1 1 1 8 7 1 7 1 5 1 8 1 1 1 1 7 1 1 1 9 1 1 1 1 4 1 9 1 1 8 1 1 1 1 1 1 1 1 7 1 1 1 1 1 1 4 1 1 
1 1 1 1 1 1 6 9 1 6 5 8 1 9 1 1 1 1 1 1 1 1 1 1 1 9 1 1 1 1 1 1 1 4 9 1 1 1 1 8 1 1 1 1 1 7 1 1 1 1 1 1 1 1 4 1 1 1 1 1 1 1 1 1 1 1 1 9 1 1 1 1 6 1 6 1 5 1 4 1 9 8 4 1 1 1 8 4 5 1 8 9 1 1 1 1 7 1 1 1 
5 1 4 1 8 1 1 1 1 1 1 1 1 8 1 1 1 1 1 1 1 1 1 5 1 8 1 1 1 9 8 1 1 1 1 1 1 1 1 1 6 1 1 1 8 7 1 1 8 1 1 1 1 1 1 7 1 1 1 8 1 1 6 6 1 1 1 5 9 5 1 1 1 5 1 1 4 1 1 8 1 1 1 5 1 1 8 6 1 1 1 1 1 1 1 7 1 7 1 1 
1 1 1 1 9 1 6 1 5 1 1 7 1 1 1 4 9 7 1 8 9 1 1 6 9 6 1 1 6 1 1 8 5 1 1 5 1 8 4 1 9 6 1 7 1 1 1 1 6 4 1 1 1 5 1 9 1 1 6 7 6 1 1 7 8 8 1 1 1 1 7 1 1 1 1 9 1 1 9 1 9 1 1 1 1 8 1 8 9 1 1 4 1 1 7 5 1 1 8 1 
1 8 7 1 1 1 1 1 1 5 5 1 1 6 1 1 4 1 1 8 1 1 1 1 1 4 1 1 1 1 6 1 1 9 1 9 1 6 1 8 5 1 1 1 7 1 1 1 1 1 1 4 1 1 1 1 6 1 1 7 8 5 1 1 1 1 1 1 7 8 6 8 1 5 1 1 7 4 7 1 6 1 1 1 1 4 5 4 1 1 7 1 1 1 1 1 1 6 9 1 
7 1 7 7 6 1 1 1 1 1 1 1 1 1 1 1 9 1 1 8 5 1 1 6 5 9 1 1 4 1 1 1 7 1 1 1 8 1 1 7 4 1 7 1 1 1 1 7 7 1 1 1 7 1 1 8 1 1 7 1 1 1 7 1 1 1 9 1 1 6 7 1 7 5 1 1 9 1 1 1 1 1 1 4 9 1 1 1 1 1 1 1 7 1 1 1 1 1 9 1 
7 1 1 4 6 1 1 1 1 1 1 1 8 5 1 1 1 1 1 1 1 8 1 1 8 1 1 1 1 5 1 6 1 8 8 1 8 1 1 1 4 1 6 4 8 1 6 5 1 1 1 1 1 1 1 1 6 8 7 1 4 1 1 1 1 1 1 5 1 1 1 1 7 7 6 1 1 1 4 1 1 1 1 1 6 9 1 1 1 1 1 1 5 8 1 1 1 1 1 6 
1 1 1 4 1 1 1 1 7 9 1 1 1 1 1 1 1 5 1 1 1 1 4 1 1 1 1 1 1 6 1 4 1 1 1 1 1 6 1 1 1 1 1 1 9 7 1 1 4 1 1 1 1 5 1 1 1 1 1 1 9 8 8 1 8 6 1 9 1 1 1 9 6 1 4 7 1 1 1 1 6 1 8 1 6 1 1 4 1 1 1 1 1 1 8 1 1 1 4 1 
1 4 1 1 1 9 9 1 8 9 1 1 1 1 8 1 1 1 1 1 1 1 1 1 1 5 1 5 1 8 1 1 5 8 5 4 1 1 1 1 1 8 5 1 1 1 1 1 5 1 1 1 7 4 4 6 1 1 1 1 1 1 1 1 1 5 8 1 1 1 1 5 1 7 1 1 1 1 6 1 7 1 1 7 4 1 6 1 1 1 1 1 4 1 1 1 1 1 1 1 
7 1 1 1 6 1 1 1 1 9 1 1 1 5 1 9 1 1 1 7 1 9 9 1 1 1 8 1 1 1 1 8 1 1 9 1 6 9 1 1 1 1 1 1 4 7 1 6 1 4 1 7 4 1 1 1 7 1 1 1 8 1 1 1 1 1 1 1 1 9 1 1 1 1 9 1 1 1 1 1 1 1 4 1 1 1 7 8 1 8 1 1 1 4 1 5 1 1 5 1 
1 1 1 5 1 9 8 1 1 1 1 8 1 9 1 6 1 1 1 9 1 1 1 1 6 1 9 1 1 1 9 1 1 1 1 7 1 1 1 4 1 9 7 1 7 1 1 8 1 1 1 9 6 7 8 1 1 1 1 4 1 1 6 1 1 1 1 1 1 1 9 6 8 1 1 1 1 6 8 1 1 4 5 1 1 1 1 1 5 1 6 1 1 1 1 7 5 7 1 1 
5 1 1 7 1 1 1 1 1 9 1 8 1 1 1 1 6 1 1 5 1 1 1 6 1 1 5 5 4 4 1 7 1 9 1 8 1 1 1 1 1 1 1 1 1 6 1 1 1 1 1 4 1 1 1 5 1 1 1 1 1 6 6 8 1 1 1 1 5 1 7 1 1 7 5 9 1 1 8 1 8 1 1 1 1 1 6 1 1 4 1 1 1 9 5 1 6 1 1 1 
1 5 1 1 1 7 1 1 5 1 1 1 9 5 1 8 1 1 1 1 1 1 1 9 8 6 1 1 8 1 1 5 1 1 1 1 8 1 7 1 1 8 5 1 8 1 9 9 1 1 9 1 8 1 5 7 9 5 1 4 5 1 1 1 1 1 1 1 1 8 1 1 1 1 1 9 5 1 1 1 1 9 1 1 1 1 9 1 1 4 1 1 1 1 6 9 4 1 1 1 
9 1 1 1 9 1 6 1 1 1 1 1 5 8 8 1 1 1 7 1 4 6 1 1 1 1 8 1 1 1 1 1 1 4 1 4 1 1 1 8 5 1 7 1 1 5 4 9 1 5 4 1 4 4 1 1 1 1 1 1 7 1 1 1 1 1 1 7 1 6 7 1 1 1 8 9 1 1 1 7 1 7 1 1 6 1 8 7 5 1 1 1 1 1 6 5 1 1 1 1 
1 1 1 8 1 1 1 1 1 4 1 6 1 1 1 5 1 1 1 1 1 1 6 1 1 1 8 7 1 1 1 1 1 1 1 5 1 1 1 1 6 1 1 1 1 8 1 4 9 1 1 1 1 5 6 1 1 1 5 1 1 1 9 1 1 4 1 1 5 1 1 7 1 4 1 1 1 1 1 6 1 1 1 9 1 1 5 6 1 6 1 1 1 1 1 1 5 8 1 1 
1 1 1 1 6 8 1 1 1 8 7 1 4 1 4 1 4 1 9 1 6 1 6 1 6 8 1 4 9 1 1 1 1 6 1 9 6 1 9 8 1 1 1 1 1 1 1 1 6 4 1 1 8 1 6 5 7 5 1 1 1 1 1 6 4 1 9 1 8 1 1 1 1 1 1 4 1 1 1 1 1 1 1 1 1 5 4 1 7 1 4 1 1 7 1 1 9 8 1 1 
6 1 1 7 1 4 7 6 4 1 7 1 9 1 1 1 1 1 1 1 1 6 1 5 1 1 1 1 1 1 7 1 1 8 1 1 7 7 1 7 1 1 1 7 1 7 1 7 1 8 1 1 1 1 1 1 9 4 1 1 1 1 7 1 9 1 1 1 1 7 1 8 1 4 9 1 1 1 6 1 1 4 1 1 1 1 1 1 6 1 1 1 1 4 1 1 9 1 7 8 
4 1 9 9 1 1 1 8 1 9 4 1 1 1 5 1 8 1 1 1 1 6 1 1 1 1 1 1 1 1 1 1 1 1 1 1 1 1 1 5 1 1 1 6 1 1 1 8 1 6 1 1 1 1 1 1 1 1 1 5 1 1 8 1 1 1 1 1 1 1 1 1 1 4 4 1 1 1 1 1 1 1 7 5 1 1 9 5 8 1 7 1 1 1 1 1 8 1 6 5 
1 1 1 1 1 6 4 1 1 1 1 4 1 1 1 1 1 1 7 1 9 1 1 9 1 9 1 4 1 1 1 1 1 5 1 1 1 1 8 1 1 1 1 8 1 1 1 1 1 1 1 1 1 1 1 1 1 1 1 1 1 5 1 1 7 1 1 5 1 1 1 1 1 1 1 1 1 4 1 1 1 1 1 1 1 1 1 1 9 9 1 1 1 1 1 5 1 1 1 1 
1 1 7 1 1 5 1 1 1 1 8 1 1 1 1 1 8 8 1 1 1 9 1 1 1 1 1 1 1 1 9 1 9 1 7 1 1 1 1 1 7 1 1 1 1 1 1 1 8 1 6 9 1 1 1 1 1 6 9 8 1 1 6 1 1 1 1 1 6 1 1 1 1 1 5 1 1 6 1 1 1 1 1 1 1 1 1 1 1 1 1 1 1 1 8 5 1 1 1 1 
1 1 1 1 1 1 1 1 1 6 6 6 1 6 1 7 1 8 1 4 1 1 1 1 4 1 1 1 1 9 1 1 1 8 6 1 1 1 1 1 1 1 4 1 9 1 9 1 1 1 1 1 5 5 4 1 1 5 1 1 1 5 1 1 1 1 1 7 1 9 1 1 1 1 1 1 8 1 1 1 1 1 4 1 1 1 8 1 1 1 5 7 1 1 4 1 6 1 1 1 
1 1 1 1 1 1 4 1 1 1 1 1 1 1 1 9 6 6 1 1 4 6 1 1 1 8 1 6 4 9 5 1 4 7 4 1 9 1 1 1 1 1 7 1 1 1 1 1 1 1 1 9 8 5 1 4 1 1 1 9 6 9 1 9 1 1 8 1 1 1 1 9 1 1 1 1 1 1 1 1 1 1 1 1 1 1 1 1 6 1 1 9 1 1 1 5 1 1 1 6 
1 4 1 1 1 9 1 1 1 7 1 1 1 1 9 1 1 1 8 1 1 1 1 1 1 8 1 1 9 1 1 1 1 1 1 1 8 1 9 1 1 1 1 1 5 6 1 1 1 1 1 1 8 1 9 1 1 9 6 1 1 1 1 1 1 1 1 8 1 1 1 1 6 7 1 1 1 1 1 1 1 1 1 7 1 1 1 1 1 7 1 1 1 1 1 1 1 4 1 1 
1 4 4 6 1 1 1 1 1 1 1 8 1 1 1 5 1 8 1 1 8 1 1 8 1 1 1 8 4 1 6 1 1 9 4 6 7 1 1 1 1 1 1 1 1 1 1 1 1 7 5 1 6 1 8 1 1 1 5 4 1 8 1 1 1 1 1 1 6 1 1 1 4 7 7 4 1 1 9 1 6 1 7 1 1 1 1 1 1 7 1 1 1 5 1 1 5 1 6 9 
7 1 1 1 1 1 1 1 8 4 4 4 6 5 1 1 1 1 1 1 1 1 1 1 8 1 6 5 1 1 1 4 8 1 5 9 1 5 1 1 1 1 1 1 7 1 8 1 1 9 1 1 1 1 1 1 1 9 1 1 1 7 1 1 1 7 5 1 1 1 9 1 1 1 1 1 1 1 9 5 5 6 1 1 1 8 1 1 4 1 1 1 8 7 1 1 1 8 1 8 
1 1 8 1 1 1 1 1 9 7 9 8 1 1 1 1 1 1 1 1 8 1 1 4 1 6 1 1 1 1 1 1 5 6 1 1 1 6 4 6 1 9 1 1 1 1 1 4 1 1 1 1 1 1 1 1 1 8 1 1 4 5 1 7 1 1 1 1 7 1 1 8 5 8 1 1 1 1 1 1 1 1 1 1 1 1 1 1 1 1 1 8 4 1 1 1 1 1 8 1 
1 1 1 8 9 1 1 4 6 1 8 1 1 1 1 1 1 1 8 1 8 8 1 1 6 9 1 1 9 1 1 1 1 6 8 1 1 5 9 9 1 1 1 1 8 8 1 7 1 5 9 1 1 1 1 1 1 1 9 5 1 1 1 1 1 1 5 1 9 9 1 1 4 1 1 7 1 9 1 8 1 1 1 1 7 4 4 1 1 9 8 1 1 1 1 1 1 1 1 1 
1 7 1 1 1 1 1 1 1 9 6 1 6 5 1 8 1 5 9 6 1 1 1 1 1 1 1 1 5 7 1 1 9 1 6 1 9 7 1 1 9 8 1 7 1 1 4 1 1 9 8 1 9 1 1 7 1 1 5 6 1 5 1 1 1 1 1 1 1 1 1 5 1 1 1 1 1 1 1 1 1 1 1 7 1 1 1 1 1 1 1 6 1 7 5 5 1 5 1 1 
1 1 1 9 1 1 1 9 1 9 9 1 1 6 1 1 1 1 1 5 1 1 1 1 1 9 9 1 1 6 1 1 1 1 1 1 7 4 7 8 1 1 6 1 1 1 1 1 5 1 1 6 7 7 1 1 1 1 1 7 1 1 1 1 5 1 1 1 1 1 6 1 4 7 7 1 1 1 1 1 1 1 1 1 1 1 1 1 4 1 1 6 4 8 1 1 1 1 1 8 
1 8 53 12 52 32 46 26 42 34 39 37 38 20 27 30 55 5 35 3 2 7 18 9 25 58 17 21 18 4 31 24 32 15 8 43 28 6 51 4 3 23 12 39 49 25 15 16 13 29 2 48 56 21 19 22 30 20 6 44 29 40 23 10 36 57 42 45 34 16 28 11 47 38 36 7 9 31 26 41 13 37 27 41 35 50 10 54 40 33 59 5 24 17 33 14 19 11 22 14 