14 5 3
4 5 1 2 7 7
0 1 1 1 1 7 9 6 7 8 5 5 1 1 
1 0 9 7 1 1 1 1 1 8 8 9 9 5 
1 9 0 1 1 5 5 1 9 1 8 9 7 8 
1 7 1 0 8 1 5 9 1 5 1 1 4 8 
1 1 1 8 0 4 1 8 5 6 1 1 1 7 
7 1 5 1 4 0 9 1 8 9 1 8 6 5 
9 1 5 5 1 9 0 1 8 9 9 4 1 1 
6 1 1 9 8 1 1 0 6 4 5 4 1 7 
7 1 9 1 5 8 8 6 0 9 9 1 6 9 
8 8 1 5 6 9 9 4 9 0 1 1 1 1 
5 8 8 1 1 1 9 5 9 1 0 7 7 1 
5 9 9 1 1 8 4 4 1 1 7 0 7 1 
1 9 7 4 1 6 1 1 6 1 7 7 0 7 
1 5 8 8 7 5 1 7 9 1 1 1 7 0 
1 1 9 7 8 1 1 9 1 1 1 1 4 9 
1 1 1 9 7 1 6 8 1 1 1 1 1 7 
1 7 9 8 1 1 1 1 1 1 8 8 7 9 
4 7 9 1 1 1 1 1 6 1 8 7 8 1 
8 1 1 1 1 7 7 7 8 7 1 1 1 1 
2 5 2 4 3 1 3 4 3 1 5 5 2 4 